{
 "cells": [
  {
   "cell_type": "code",
   "execution_count": 2,
   "id": "d7bd46b1",
   "metadata": {},
   "outputs": [
    {
     "name": "stdout",
     "output_type": "stream",
     "text": [
      "[[32 34 42 44 48]\n",
      " [35 31 48 11 15]\n",
      " [32 19 33 41 43]\n",
      " [33 47 32 11 11]\n",
      " [16 39 42 24 14]\n",
      " [30 31 30 27 19]\n",
      " [45 40 43 19 28]\n",
      " [14 33 35 38 25]\n",
      " [47 29 21 49 23]\n",
      " [24 34 48 37 21]\n",
      " [11 21 11 10 15]\n",
      " [17 35 27 46 26]\n",
      " [18 17 12 16 23]\n",
      " [30 46 36 48 42]\n",
      " [26 29 28 49 14]\n",
      " [34 46 21 22 19]\n",
      " [11 31 47 16 29]\n",
      " [14 10 42 16 15]\n",
      " [19 47 18 43 34]\n",
      " [41 46 19 32 45]]\n",
      "[[  5.55   0.75  10.25  14.05  22.55]\n",
      " [  8.55  -2.25  16.25 -18.95 -10.45]\n",
      " [  5.55 -14.25   1.25  11.05  17.55]\n",
      " [  6.55  13.75   0.25 -18.95 -14.45]\n",
      " [-10.45   5.75  10.25  -5.95 -11.45]\n",
      " [  3.55  -2.25  -1.75  -2.95  -6.45]\n",
      " [ 18.55   6.75  11.25 -10.95   2.55]\n",
      " [-12.45  -0.25   3.25   8.05  -0.45]\n",
      " [ 20.55  -4.25 -10.75  19.05  -2.45]\n",
      " [ -2.45   0.75  16.25   7.05  -4.45]\n",
      " [-15.45 -12.25 -20.75 -19.95 -10.45]\n",
      " [ -9.45   1.75  -4.75  16.05   0.55]\n",
      " [ -8.45 -16.25 -19.75 -13.95  -2.45]\n",
      " [  3.55  12.75   4.25  18.05  16.55]\n",
      " [ -0.45  -4.25  -3.75  19.05 -11.45]\n",
      " [  7.55  12.75 -10.75  -7.95  -6.45]\n",
      " [-15.45  -2.25  15.25 -13.95   3.55]\n",
      " [-12.45 -23.25  10.25 -13.95 -10.45]\n",
      " [ -7.45  13.75 -13.75  13.05   8.55]\n",
      " [ 14.55  12.75 -12.75   2.05  19.55]]\n",
      "[[124.05        43.56578947   1.06578947  29.86578947  33.52368421]\n",
      " [ 43.56578947 113.56578947   1.48684211  29.69736842  26.98684211]\n",
      " [  1.06578947   1.48684211 140.82894737 -13.43421053  -1.03947368]\n",
      " [ 29.86578947  29.69736842 -13.43421053 202.36578947  83.76052632]\n",
      " [ 33.52368421  26.98684211  -1.03947368  83.76052632 130.47105263]]\n",
      "Eigen Values are [ 70.52673242  76.92130999 130.66429307 146.72547884 286.44376463]\n",
      "Eigen Vectors are [[ 0.47190498  0.47078356  0.52583416  0.42129938 -0.31886329]\n",
      " [-0.33085536 -0.68904655  0.44614557  0.36640112 -0.28714793]\n",
      " [ 0.06948268 -0.04125424 -0.6126838   0.78336257  0.06657242]\n",
      " [ 0.41847435 -0.2720946  -0.36211227 -0.27187859 -0.73878311]\n",
      " [-0.69849252  0.47732621 -0.13396207  0.02611827 -0.51540266]]\n",
      "The Sorted Eigen Values are [4 3 2 1 0]\n",
      "The Sorted Eigen Vectors are [[-0.31886329  0.42129938  0.52583416  0.47078356  0.47190498]\n",
      " [-0.28714793  0.36640112  0.44614557 -0.68904655 -0.33085536]\n",
      " [ 0.06657242  0.78336257 -0.6126838  -0.04125424  0.06948268]\n",
      " [-0.73878311 -0.27187859 -0.36211227 -0.2720946   0.41847435]\n",
      " [-0.51540266  0.02611827 -0.13396207  0.47732621 -0.69849252]]\n",
      "[[-0.31886329  0.42129938]\n",
      " [-0.28714793  0.36640112]\n",
      " [ 0.06657242  0.78336257]\n",
      " [-0.73878311 -0.27187859]\n",
      " [-0.51540266  0.02611827]]\n",
      "[[-74.41639777  48.13146478]\n",
      " [-32.72397911  61.10642583]\n",
      " [-65.91496797  36.27022932]\n",
      " [-35.68416746  53.48797069]\n",
      " [-38.4509722   47.77223115]\n",
      " [-46.21010651  40.65381817]\n",
      " [-51.44030493  62.86472549]\n",
      " [-52.56875769  35.72868829]\n",
      " [-69.9704774   34.15598618]\n",
      " [-52.37870339  50.65920217]\n",
      " [-23.92417711  18.61869296]\n",
      " [-61.05789029  29.30957757]\n",
      " [-33.49697594  19.46322128]\n",
      " [-77.48659733  45.74128   ]\n",
      " [-58.16971736  30.55717287]\n",
      " [-48.69801487  42.14416223]\n",
      " [-36.04738521  49.21814095]\n",
      " [-24.09109344  38.50514705]\n",
      " [-67.64741575  28.52330847]\n",
      " [-71.85150295  41.4868217 ]]\n"
     ]
    }
   ],
   "source": [
    "\n",
    "import pandas as pd\n",
    "import numpy as np\n",
    "X = np.random.randint(10,50,100).reshape(20,5) \n",
    "print(X)\n",
    "\n",
    "X_meaned = X - np.mean(X , axis = 0)\n",
    "print(X_meaned)\n",
    "\n",
    "cov_mat = np.cov(X_meaned , rowvar = False)\n",
    "print(cov_mat)\n",
    "\n",
    "eigen_values , eigen_vectors = np.linalg.eigh(cov_mat)\n",
    "print(\"Eigen Values are\", eigen_values)\n",
    "print(\"Eigen Vectors are\", eigen_vectors)\n",
    "\n",
    "sorted_index = np.argsort(eigen_values)[::-1]\n",
    "print(\"The Sorted Eigen Values are\", sorted_index)\n",
    "sorted_eigenvalue = eigen_values[sorted_index]\n",
    "sorted_eigenvectors = eigen_vectors[:,sorted_index]\n",
    "print(\"The Sorted Eigen Vectors are\", sorted_eigenvectors)\n",
    "\n",
    "n_components = 2 \n",
    "eigenvector_subset = sorted_eigenvectors[:,0:n_components]\n",
    "print(eigenvector_subset)\n",
    "\n",
    "X_reduced = np.dot(eigenvector_subset.transpose(),X.transpose()).transpose()\n",
    "print(X_reduced)\n"
   ]
  },
  {
   "cell_type": "code",
   "execution_count": null,
   "id": "7689bd0a",
   "metadata": {},
   "outputs": [],
   "source": []
  }
 ],
 "metadata": {
  "kernelspec": {
   "display_name": "Python 3",
   "language": "python",
   "name": "python3"
  },
  "language_info": {
   "codemirror_mode": {
    "name": "ipython",
    "version": 3
   },
   "file_extension": ".py",
   "mimetype": "text/x-python",
   "name": "python",
   "nbconvert_exporter": "python",
   "pygments_lexer": "ipython3",
   "version": "3.8.8"
  }
 },
 "nbformat": 4,
 "nbformat_minor": 5
}
